#t       phi                   C
1      14000000000000         333.15
2      14000000000000         333.15
4      14000000000000         333.15
6      14000000000000         333.15
8      14000000000000         333.15
10     14000000000000         333.15
20     14000000000000         333.15
40     14000000000000         333.15
60     14000000000000         333.15
80     14000000000000         333.15
100    14000000000000         333.15
200    14000000000000         333.15
400    14000000000000         333.15
600    14000000000000         333.15
800    14000000000000         333.15
1000   14000000000000         333.15
2000   14000000000000         333.15
4000   14000000000000         333.15
6000   14000000000000         333.15
8000   14000000000000         333.15
10000  14000000000000         333.15
