#time	Mode	Power	Hset	Hac	Tset[C]	Tac[C]	R1[Ohm]	T1[C]	R2[Ohm]	T2[C]	R3[Ohm]	T3[C]	R4[Ohm]	T4[C]	R5[Ohm]	T5[C]	R1[Ohm]	T1[C]	R2[Ohm]	T2[C]	R3[Ohm]	T3[C]	R4[Ohm]	T4[C]	R5[Ohm]	T5[C]
1552055517.7461987	normal	1	nan	nan	80.0	80.1	1312.969	81.06582928615762	1311.148	80.57870655645866	1309.69	80.20043659956946	9999999000.0	9999	1313.777	81.27034796645694	1084.766	21.763916821653766	1084.184	21.604240615950403	1084.668	21.735586616231558	1081.899	21.020457149866616	1084.724	21.755417734841558
1552055542.868353	normal	1	nan	nan	80.0	80.1	1313.711	81.25985951940902	1312.405	80.90012604716958	1310.744	80.4693891449765	9999999000.0	9999	1314.719	81.52312966487898	1084.821	21.771128184969257	1084.27	21.62896417504635	1084.743	21.759023405397784	1081.717	20.976426444231947	1084.688	21.737646986719483
1552055558.8461757	normal	1	nan	nan	80.0	80.1	1313.722	81.24255365495674	1313.324	81.14868403848186	1311.502	80.6691517672848	9999999000.0	9999	1314.907	81.56403807466404	1085.344	21.925918694718803	1084.534	21.632312171050216	1085.024	21.835258492405956	1082.027	20.802884157649714	1083.937	21.51719453871965
1552055574.415049	normal	1	nan	nan	80.0	80.1	1285.5	73.86675184249498	1287.753	74.5650956270706	1287.3	74.46225788982656	9999999000.0	9999	1271.16	70.48492743705674	1129.338	33.257696830102304	1128.234	33.2135045419609	1117.792	30.488411261190777	1247.105	64.30890725937707	1162.449	42.145271807075915
1552055589.9763277	normal	1	nan	nan	80.0	79.0	1299.3	77.489857834556	1301.083	77.95609123903341	1300.394	77.77954340232691	9999999000.0	9999	1302.27	78.27280093727313	1150.519	38.79282430562171	1180.672	46.68905463916826	1167.737	43.328914509614606	1294.583	76.27848367800061	1235.968	61.12240918793805
1552055605.5496948	normal	1	nan	nan	80.0	78.5	1302.955	78.44203962817801	1302.798	78.39435849680422	1302.266	78.25865444412648	9999999000.0	9999	1304.577	78.86360233626147	1174.375	44.9642112699612	1215.382	55.65872173001708	1207.516	53.640308758994706	1304.753	78.93513449694774	1273.865	70.90442715384461
1552055621.120994	normal	1	nan	nan	80.0	78.4	1304.894	78.9335623448269	1304.481	78.8379245042106	1303.883	78.68490974339284	9999999000.0	9999	1306.385	79.33841633739803	1194.752	50.22533232713158	1238.178	61.5600089180125	1230.587	59.58722832525382	1308.692	79.944611321906	1293.0	75.86405831353841
1552055636.5150526	normal	1	nan	nan	80.0	78.5	1306.773	79.44062036990363	1306.523	79.3751045989793	1305.829	79.19245352171083	9999999000.0	9999	1308.292	79.83479079825838	1212.517	54.87253893428942	1255.028	65.94572081567685	1247.328	63.9131982923941	1310.858	80.51343025478354	1302.983	78.46142665945627
1552055651.9090943	normal	1	nan	nan	80.0	78.6	1308.114	79.7876136566897	1307.932	79.73729211843647	1307.269	79.55960034757572	9999999000.0	9999	1309.63	80.1988638423768	1226.843	58.59203432098684	1266.615	68.95009176320536	1259.944	67.18411153206307	1312.285	80.88387079961649	1307.941	79.74698943829844
1552055667.686095	normal	1	nan	nan	80.0	78.9	1309.081	80.04159192251655	1308.733	79.9509018687013	1308.012	79.76140442608266	9999999000.0	9999	1310.46	80.40463929899761	1239.291	61.81232621182335	1275.767	71.34437111162697	1269.934	69.81044197016445	1313.142	81.11721996250117	1310.558	80.43190223659803
1552055683.222988	normal	1	nan	nan	80.0	79.0	1310.288	80.3702988051241	1309.975	80.26675521260586	1309.221	80.07959861378049	9999999000.0	9999	1311.878	80.77873799465397	1249.949	64.60839420419416	1283.168	73.26716823911329	1277.103	71.68842048721854	1314.487	81.45731015127421	1312.398	80.91349735944914
1552055698.7919931	normal	1	nan	nan	80.0	79.2	1311.012	80.53728610228927	1310.522	80.42141646461005	1309.794	80.22140676736217	9999999000.0	9999	1312.446	80.92660654194151	1259.534	67.08411460181742	1288.594	74.69148838994533	1282.704	73.15783185957616	1315.052	81.59603090383962	1313.604	81.23049204574318
1552055714.5358658	normal	1	nan	nan	80.0	79.4	1311.203	80.59233871881679	1310.838	80.49507972065885	1310.071	80.3026674309931	9999999000.0	9999	1312.508	80.94207544452956	1267.097	69.08384542055364	1292.462	75.69416684670432	1286.941	74.25580708877987	1314.939	81.58055892297034	1314.244	81.39096751340139
1552055730.1013467	normal	1	nan	nan	80.0	79.5	1311.882	80.77847582228605	1311.369	80.64686793358533	1310.733	80.48302085400928	9999999000.0	9999	1313.407	81.16782483205816	1273.89	70.85084321975546	1295.99	76.61859754713396	1291.083	75.33216234916245	1315.819	81.8026806152734	1314.894	81.56875830856234
1552055745.6737087	normal	1	nan	nan	80.0	79.6	1312.231	80.86709127355971	1312.003	80.79394402776461	1311.205	80.59469813727173	9999999000.0	9999	1313.782	81.26825027436962	1279.455	72.29216230604197	1299.124	77.4374761872059	1293.891	76.06275606770942	1315.997	81.86640897290545	1315.404	81.701452102428
1552055761.417559	normal	1	nan	nan	80.0	79.7	1312.419	80.92267378170436	1311.894	80.78555448355655	1311.047	80.55720979990974	9999999000.0	9999	1313.846	81.29001389489031	1283.934	73.46570936289027	1301.41	78.03651008568704	1296.392	76.72700150126911	1316.167	81.89814248436141	1315.786	81.79533750944256
1552055777.1605074	normal	1	nan	nan	80.0	79.8	1312.97	81.0571768533573	1312.833	81.01837228336854	1311.999	80.80547968601377	9999999000.0	9999	1314.649	81.50424903211615	1287.745	74.45833284897299	1303.554	78.59766307496375	1298.679	77.32878692925533	1317.018	82.11372866708507	1316.288	81.93617064969976
1552055792.9010568	normal	1	nan	nan	80.0	79.9	1313.346	81.1534036758585	1313.008	81.07369515392384	1312.172	80.85031183316005	9999999000.0	9999	1314.967	81.58396799724369	1291.01	75.30912942574923	1305.255	79.0444009105222	1300.39	77.77220927579128	1317.134	82.15254617350683	1316.668	82.02927594679386
1552055808.6383784	normal	1	nan	nan	80.0	80.0	1313.355	81.16887364588592	1312.847	81.03384161784197	1312.072	80.82697806623355	9999999000.0	9999	1314.779	81.53676574489236	1293.609	75.99599856739451	1306.449	79.35545012222883	1301.889	78.15543927978024	1317.112	82.14756281932159	1316.817	82.06966610741756
1552055824.2181854	normal	1	nan	nan	80.0	80.1	1313.994	81.32698615892377	1313.534	81.21371075003754	1312.816	81.01758570898392	9999999000.0	9999	1315.448	81.71456442828776	1296.278	76.69479415655678	1307.873	79.72733273861786	1303.056	78.46928629928289	1317.973	82.35529641364428	1317.203	82.17011911437294
1552055839.9592297	normal	1	nan	nan	80.0	80.1	1314.317	81.4032919337742	1313.7	81.24858447616361	1312.956	81.0571768533573	9999999000.0	9999	1315.696	81.77147252881832	1298.217	77.19784078432212	1308.88	79.98261689209585	1304.288	78.79128568934584	1317.788	82.33011588448835	1317.531	82.25510003524687
1552055855.5306664	normal	1	nan	nan	80.0	80.2	1314.179	81.37890535949236	1313.474	81.19037440312422	1312.706	80.99765922070901	9999999000.0	9999	1315.625	81.75835997587865	1299.765	77.60850534938663	1309.797	80.230057000545	1305.332	79.06169520801996	1318.082	82.39805129580509	1317.736	82.31044373036502
1552055871.0907307	normal	1	nan	nan	80.0	80.3	1314.836	81.55853114368529	1314.259	81.39201639844259	1313.446	81.19404527817323	9999999000.0	9999	1316.339	81.9526933690322	1301.41	78.02393632528765	1310.577	80.43662084490461	1306.079	79.25665539837246	1318.578	82.53182783398779	1318.105	82.40801877162176
1552055886.6679692	normal	1	nan	nan	80.0	80.4	1315.199	81.64192280098996	1314.183	81.38310088626531	1313.576	81.22446125773558	9999999000.0	9999	1316.587	82.01380192589022	1302.715	78.37182809276237	1311.508	80.67937616506833	1306.86	79.45870295252735	1318.81	82.59294716332988	1318.425	82.4916943005669
1552055902.2289553	normal	1	nan	nan	80.0	80.4	1315.034	81.59943999416373	1314.217	81.39542527713729	1313.579	81.21921710324614	9999999000.0	9999	1316.514	81.98075595574574	1303.576	78.60526104118162	1312.007	80.80443098813657	1307.419	79.60834669175438	1318.764	82.59189789486436	1318.522	82.51976149135089
1552055917.7987034	normal	1	nan	nan	80.0	80.5	1315.382	81.68833982888873	1314.578	81.47907502383396	1313.753	81.26510373874862	9999999000.0	9999	1316.792	82.07176431114567	1304.591	78.86596051456218	1312.541	80.94967883011532	1308.011	79.7671704388913	1319.079	82.6690200200087	1318.747	82.5756342765012
1552055933.3700624	normal	1	nan	nan	80.0	80.5	1315.29	81.66631132712564	1314.508	81.46675031926088	1313.871	81.29735587167306	9999999000.0	9999	1316.572	82.01222830072811	1305.438	79.08370626363921	1313.017	81.07448174173624	1308.468	79.88196861675078	1318.838	82.58140522864005	1318.713	82.56383008779176
1552055949.1098475	normal	1	nan	nan	80.0	80.6	1314.953	81.57767432442415	1313.911	81.3180708231589	1313.342	81.16546500216828	9999999000.0	9999	1316.277	81.92174612138433	1306.0	79.2335949882231	1313.245	81.13662277375442	1308.772	79.96269667638171	1318.626	82.5415334026161	1318.578	82.53182783398779
1552055964.5126352	normal	1	nan	nan	80.0	80.6	1315.321	81.67496536377894	1314.377	81.41954975049475	1313.821	81.28136087188204	9999999000.0	9999	1316.624	82.00829424111998	1306.602	79.39004207987546	1313.627	81.2339007569035	1309.183	80.06675492413478	1319.017	82.64541101390296	1318.71	82.56409240263565
1552055980.076658	normal	1	nan	nan	80.0	80.6	1289.873	75.0351023464882	1288.191	74.7244612128602	1288.227	74.72079754956621	9999999000.0	9999	1266.809	69.50003162744451	1289.034	74.71739558015679	1286.96	74.1074530973683	1292.739	75.59181735983793	1185.341	47.58594317255756	1260.175	66.99639132988113
1552056004.5157585	normal	1	nan	nan	20.0	79.2	1306.701	79.4241102726096	1305.339	79.05645450220482	1304.917	78.95976497828678	9999999000.0	9999	1306.662	79.4131035871319	1257.108	66.40327608936195	1230.581	59.46662227194429	1244.917	63.19728636017999	1144.268	37.06456680923384	1169.389	43.52100137686148
1552056020.3109143	normal	1	nan	nan	20.0	78.9	1307.066	79.51190301135284	1306.269	79.3069695818217	1305.881	79.20057695521018	9999999000.0	9999	1307.059	79.50377880875612	1242.805	62.677597559122205	1208.401	53.70193538954027	1224.713	57.948612283033526	1130.152	33.442483794583495	1148.366	38.19308616750823
1552056036.0560246	normal	1	nan	nan	20.0	78.8	1300.736	77.81778589843407	1302.313	78.24555589360352	1302.339	78.25131924940797	9999999000.0	9999	1299.328	77.44690482218766	1230.222	59.40124156248339	1191.284	49.267223777861545	1208.191	53.65929067918978	1120.198	30.8667274920017	1129.63	33.265966797031524
1552056051.619736	normal	1	nan	nan	20.0	78.2	1287.468	74.36230164006383	1292.847	75.74625898387967	1293.604	75.96039512078505	9999999000.0	9999	1285.904	73.92928015123425	1219.068	56.49948300016422	1178.835	46.0570182935503	1194.207	50.013896132996706	1112.062	28.783550625325915	1116.53	29.928375387140477
1552056067.0175664	normal	1	nan	nan	20.0	77.0	1275.704	71.26489976549965	1280.986	72.63683368938882	1282.594	73.06288478938177	9999999000.0	9999	1273.153	70.5960047213407	1208.792	53.830392894031775	1168.326	43.30869548500186	1183.127	47.16238228921884	1105.852	27.181971000517933	1108.917	27.970150477776315
1552056082.5928645	normal	1	nan	nan	20.0	75.3	1266.639	68.94016495013148	1272.149	70.34798083010537	1274.329	70.91854209115536	9999999000.0	9999	1263.584	68.11764940191097	1199.547	51.430828006584306	1158.031	40.675052230766596	1174.691	44.97588188851341	1101.307	26.010236410611924	1106.118	27.253686351692977
1552056098.1609628	normal	1	nan	nan	20.0	73.6	1259.198	66.98751470011166	1264.096	68.25084696084696	1266.901	68.99842009567556	9999999000.0	9999	1255.471	66.01462411460943	1191.186	49.26047202917425	1152.561	39.23758553601783	1166.967	42.978728013151795	1097.904	25.143370841045908	1102.11	26.208548684915513
1552056113.7215233	normal	1	nan	nan	20.0	71.9	1253.641	65.47544199864751	1258.009	66.6742371723376	1261.377	67.5441777924143	9999999000.0	9999	1249.495	64.42864660415808	1183.646	47.30252512993911	1146.621	37.719739466039755	1159.854	41.141825118324505	1095.814	24.60072737494602	1098.493	25.296512772868027
1552056129.2915485	normal	1	nan	nan	20.0	70.2	1248.685	64.22777914587141	1253.001	65.38332530228718	1256.636	66.3066961084919	9999999000.0	9999	1243.41	62.86846222469603	1176.868	45.54286397115038	1141.264	36.31355386294081	1154.206	39.67204881744965	1094.201	24.189098898084467	1096.427	24.76106226184993
1552056144.8684037	normal	1	nan	nan	20.0	68.9	1244.78	63.20328424935724	1248.739	64.24264813653281	1252.444	65.22232296920492	9999999000.0	9999	1239.004	61.72787075871656	1170.689	43.94954285194626	1135.926	34.94597068259736	1149.502	38.46252787408457	1092.61	23.777778793320522	1093.261	23.942970825972225
1552056160.4330425	normal	1	nan	nan	20.0	67.6	1240.011	61.9658634106313	1245.057	63.316724638177675	1249.115	64.34777641840674	9999999000.0	9999	1234.611	60.56943268279974	1165.173	42.51999026145677	1131.656	33.84982661398726	1145.188	37.344526084110385	1091.614	23.52601193763303	1091.634	23.529104148424267
1552056176.0027175	normal	1	nan	nan	20.0	66.5	1237.043	61.205024833192965	1241.78	62.44216083999163	1245.736	63.46198617836308	9999999000.0	9999	1230.837	59.5705568162648	1160.176	41.229384708167345	1128.14	32.942161224651954	1141.699	36.44263428990416	1090.965	23.354914063060278	1090.558	23.245148047831208
1552056191.3995652	normal	1	nan	nan	20.0	65.4	1234.286	60.46911462073194	1238.692	61.640289604590635	1243.056	62.78006861173753	9999999000.0	9999	1227.364	58.687868298191916	1155.569	40.034317522795845	1124.158	31.914616222834866	1138.161	35.531935144768795	1090.246	23.16372769702639	1089.849	23.068396260943246
1552056206.969752	normal	1	nan	nan	20.0	64.5	1230.968	59.575245669676406	1235.928	60.89776761790108	1240.243	62.0466753269111	9999999000.0	9999	1224.22	57.86685898968972	1151.365	38.949182947397276	1121.526	31.238113058341696	1134.886	34.679915799827995	1089.82	23.06015150764324	1089.611	23.00862225995661
1552056222.5352154	normal	1	nan	nan	20.0	63.6	1228.115	58.9037653342707	1233.323	60.222110648064245	1237.585	61.32725807562383	9999999000.0	9999	1221.49	57.164488729157256	1147.583	37.96740345890885	1119.838	30.79854993150184	1132.091	33.96304367230732	1089.317	22.92875349484075	1089.49	22.98260029154335
1552056237.9330838	normal	1	nan	nan	20.0	62.7	1225.057	58.11160417416795	1230.817	59.57472468563583	1235.717	60.85529070715438	9999999000.0	9999	1218.538	56.39174122006489	1144.069	37.0606858386318	1118.554	30.47343443629279	1129.69	33.34375717729017	1089.203	22.90118633154225	1089.655	23.019700981218193
1552056253.494946	normal	1	nan	nan	20.0	61.9	1222.74	57.4482304557514	1228.124	58.881367640679855	1232.664	60.07099916858988	9999999000.0	9999	1216.1	55.74094090002154	1140.872	36.23569413984251	1117.324	30.147059633181925	1127.033	32.65843725430341	1088.864	22.815137021544615	1088.951	22.83445927866933
1552056269.0668035	normal	1	nan	nan	20.0	61.2	1220.294	56.81882524632829	1226.227	58.38422995844712	1230.889	59.596606085980056	9999999000.0	9999	1213.206	54.99063655172495	1137.939	35.47504087498328	1114.96	29.532611402720704	1124.726	32.06703564167174	1088.617	22.749184557896115	1088.4	22.69328055814458
1552056284.6382654	normal	1	nan	nan	20.0	60.4	1216.906	55.97303893715389	1223.467	57.66170356551311	1228.509	58.97851222289455	9999999000.0	9999	1210.866	54.39238801055262	1135.233	34.77557934738661	1112.494	28.903306465296737	1122.799	31.57001900481555	1088.442	22.703070131176446	1088.18	22.636089414593698
1552056300.208043	normal	1	nan	nan	20.0	59.7	1214.674	55.396466622997195	1220.925	57.01117419173215	1226.065	58.329025980605365	9999999000.0	9999	1208.087	53.66527130670647	1132.718	34.126930882681336	1110.193	28.31127959066407	1120.984	31.098128387381166	1088.289	22.662108687501586	1088.035	22.604145237483408
1552056315.9515722	normal	1	nan	nan	20.0	58.9	1212.915	54.88216347241632	1219.157	56.57053203409896	1223.496	57.68565506604136	9999999000.0	9999	1205.159	52.901138523133795	1130.409	33.53216731316252	1108.544	27.884744633367518	1119.22	30.641282007824884	1088.185	22.643817890368155	1087.911	22.56756437707645
1552056331.5145307	normal	1	nan	nan	20.0	58.2	1210.582	54.38406531445253	1215.848	55.675633734329494	1221.263	57.100715266301904	9999999000.0	9999	1202.511	52.20579817910675	1128.283	32.97885588703366	1107.374	27.596290282215705	1117.683	30.24259325748426	1088.064	22.60929750348123	1087.801	22.53974258204562
1552056347.0905921	normal	1	nan	nan	20.0	57.5	1206.854	53.35013293799648	1214.283	55.28303731490723	1219.658	56.68114253859585	9999999000.0	9999	1199.944	51.546204444700834	1126.319	32.47653585863827	1106.514	27.362294185295013	1116.034	29.82200759202442	1088.009	22.594613566305725	1087.787	22.539484973913204
1552056362.6577852	normal	1	nan	nan	20.0	56.7	1204.084	52.59803018473758	1212.847	54.90375375425265	1218.635	56.399027993215896	9999999000.0	9999	1197.322	50.86543754790728	1124.492	32.00580869925034	1105.401	27.075432691739024	1114.909	29.526932156704333	1088.003	22.594098341610334	1087.751	22.52454373619321
1552056378.0537708	normal	1	nan	nan	20.0	56.0	1200.736	51.74916237972775	1210.54	54.29251703703858	1215.896	55.6865615368888	9999999000.0	9999	1194.21	50.064546082396646	1122.825	31.572860365573433	1104.013	26.72540216775269	1113.569	29.18180702119389	1087.938	22.574519861988847	1087.753	22.52892305757723
1552056393.4386044	normal	1	nan	nan	20.0	55.4	1198.413	51.09277736441709	1208.288	53.7216977584535	1213.75	55.11784332057459	9999999000.0	9999	1191.441	49.33915672243347	1121.256	31.168894811745304	1103.633	26.626358182307285	1112.45	28.89349871347622	1087.88	22.561124126163577	1087.655	22.504192847337436
1552056408.8467743	normal	1	nan	nan	20.0	54.7	1196.276	50.62408466941997	1204.553	52.753740183354694	1210.877	54.36403891263217	9999999000.0	9999	1188.807	48.64118734154363	1119.779	30.79725870326638	1102.694	26.38082429621545	1111.326	28.606247602772783	1087.863	22.558805638870126	1087.632	22.49723750864632
1552056424.4091778	normal	1	nan	nan	20.0	54.0	1193.319	49.74819137378745	1201.996	52.08883936560778	1207.814	53.610145931362695	9999999000.0	9999	1185.797	47.87120242551737	1118.407	30.433152275230896	1101.834	26.15593934039316	1110.131	28.29786084313764	1087.815	22.547470835232616	1087.564	22.481008441272024
1552056440.1542752	normal	1	nan	nan	20.0	53.3	1191.223	49.342013297547965	1198.021	51.048607266153795	1204.293	52.69629040091286	9999999000.0	9999	1182.802	47.08400868667513	1117.099	30.099552038035654	1101.063	25.955567215777137	1109.564	28.150258178826334	1087.754	22.533559992350092	1087.485	22.459112205299334
1552056455.8878236	normal	1	nan	nan	20.0	52.7	1188.631	48.619637795577546	1195.418	50.38041141880376	1201.9	52.04127729477932	9999999000.0	9999	1180.133	46.40778880258267	1115.918	29.791285485966	1100.211	25.742830039703676	1108.726	27.931704676326717	1087.74	22.52608937838022	1087.562	22.480493234073037
1552056471.639855	normal	1	nan	nan	20.0	52.0	1185.38	47.7476476383099	1192.969	49.724037450732794	1198.705	51.230228080557936	9999999000.0	9999	1177.646	45.7563502774633	1114.802	29.50318268713727	1099.97	25.67862475229731	1107.866	27.712391453103464	1087.736	22.524028522289882	1087.611	22.49517667033024
1552056487.2102823	normal	1	nan	nan	20.0	51.2	1184.317	47.46421579297066	1191.073	49.2433330365061	1196.772	50.71475231357908	9999999000.0	9999	1175.065	45.106076901404776	1113.753	29.226978438975493	1099.397	25.525465312340657	1107.119	27.517085799025608	1087.7	22.514239473198813	1087.515	22.471219518064572
1552056502.9553735	normal	1	nan	nan	20.0	50.6	1181.333	46.78246922674862	1188.39	48.55810552478579	1194.182	50.01935070578065	9999999000.0	9999	1172.617	44.470711291975476	1112.755	28.971445325921195	1098.694	25.346014695791837	1106.301	27.311988455202936	1087.722	22.52660459260096	1087.679	22.5134666547533
1552056518.6980214	normal	1	nan	nan	20.0	49.9	1178.356	45.97322283244512	1186.426	48.033180372403876	1192.419	49.60119279978562	9999999000.0	9999	1170.121	43.77143088350476	1111.828	28.738643292649158	1098.4	25.269183900344615	1105.782	27.179133374401772	1087.731	22.52145245396241	1087.531	22.47431075387749
1552056534.2675056	normal	1	nan	nan	20.0	49.3	1176.621	45.48735459079899	1183.804	47.351057455431146	1190.32	49.02728544673346	9999999000.0	9999	1168.2	43.29132795947362	1110.967	28.51359955001908	1097.847	25.126097696459965	1105.097	26.99778826810234	1087.733	22.520164420542187	1087.648	22.503677636567772
1552056550.0069342	normal	1	nan	nan	20.0	48.6	1174.309	44.91026761014018	1182.274	46.935830539176095	1188.554	48.5739428356801	9999999000.0	9999	1165.415	42.59929294124049	1110.137	28.303279946224848	1097.679	25.090262651318426	1104.599	26.86855686658828	1087.709	22.51784596163634	1087.523	22.470446709557564
1552056565.5795887	normal	1	nan	nan	20.0	47.9	1172.171	44.33250294217851	1179.74	46.30478504072926	1186.075	47.96724608772183	9999999000.0	9999	1163.247	42.030739736396754	1109.39	28.104843286837422	1097.423	25.019624910339644	1104.005	26.71766425065971	1087.719	22.522740487877854	1087.636	22.499813558327332
1552056581.145718	normal	1	nan	nan	20.0	47.3	1170.186	43.8440226732946	1177.046	45.598633675119345	1183.698	47.332371128480645	9999999000.0	9999	1160.841	41.40658335557009	1108.667	27.924221987897	1097.119	24.9420282365586	1103.46	26.57890064639969	1087.739	22.523255701583366	1087.706	22.516300323258292
1552056596.71485	normal	1	nan	nan	20.0	46.8	1167.928	43.23067194029636	1175.022	45.06068961451092	1181.717	46.80426634193236	9999999000.0	9999	1158.352	40.74110102011127	1107.994	27.743610456408987	1096.785	24.854895248101002	1103.083	26.475734415470924	1087.774	22.528665450278368	1087.695	22.51707314235773
1552056612.2869577	normal	1	nan	nan	20.0	46.2	1165.603	42.67159997410772	1172.642	44.552912980055225	1179.518	46.226950563732316	9999999000.0	9999	1156.163	40.20109349961149	1107.349	27.57874645625907	1096.493	24.78065354693217	1102.527	26.337496659772114	1087.782	22.538454541583178	1087.843	22.551850186630872
1552056628.030973	normal	1	nan	nan	20.0	45.6	1163.54	42.10925337778872	1170.954	44.00632290923977	1177.421	45.69798388576737	9999999000.0	9999	1153.958	39.638646469294144	1106.725	27.41647043418152	1096.282	24.73219110362561	1102.035	26.211127595648577	1087.793	22.545152357402003	1087.806	22.544121923326202
1552056643.5997927	normal	1	nan	nan	20.0	45.1	1160.838	41.392334577329166	1169.039	43.527222999424794	1175.94	45.27544179361894	9999999000.0	9999	1151.722	39.04729915653934	1106.145	27.270712524520604	1095.916	24.62985516705976	1101.606	26.102041410090806	1087.81	22.542833881178012	1087.762	22.530468701787413
1552056659.1698031	normal	1	nan	nan	20.0	44.5	1159.461	41.05167741589503	1166.118	42.77526871423288	1173.234	44.61929816174279	9999999000.0	9999	1149.82	38.55157008076003	1105.614	27.130120212763813	1095.818	24.605624950562287	1101.273	26.014620299874423	1087.806	22.544894748853494	1087.797	22.541288231254384
1552056674.7308266	normal	1	nan	nan	20.0	43.9	1156.426	40.293807983594434	1165.284	42.54435101412582	1171.431	44.13855419960919	9999999000.0	9999	1147.369	37.9076208086085	1105.087	26.99675646066862	1095.586	24.54865885673462	1100.878	25.90579839627162	1087.826	22.542833881178012	1087.779	22.535878462146684
1552056690.3073354	normal	1	nan	nan	20.0	43.3	1154.045	39.65055734568341	1162.806	41.91102943487658	1168.905	43.49507807484906	9999999000.0	9999	1145.195	37.36936649096833	1104.593	26.86933069243878	1095.34	24.48396098620333	1100.614	25.84262142874286	1087.841	22.552365404819284	1087.849	22.552365404819284
1552056705.8767948	normal	1	nan	nan	20.0	42.7	1152.563	39.24897717458134	1160.559	41.36772319503552	1167.666	43.212527192333255	9999999000.0	9999	1142.936	36.770402056174134	1104.152	26.754290549908546	1095.172	24.439884667910974	1100.247	25.75082355540053	1087.879	22.56292739516948	1087.998	22.59152221932436
1552056721.4647758	normal	1	nan	nan	20.0	42.1	1151.283	38.8911947797651	1158.544	40.82191544011357	1165.512	42.62546842389747	9999999000.0	9999	1141.05	36.29130804209399	1103.683	26.638738519925482	1094.942	24.382405897721583	1099.984	25.67888260239033	1087.871	22.559320858129922	1087.841	22.553395841434394
1552056737.1886857	normal	1	nan	nan	20.0	41.6	1147.945	38.092924637151555	1156.842	40.361921108066326	1163.136	42.008714790369595	9999999000.0	9999	1138.617	35.648571434748646	1103.26	26.528606710899112	1094.766	24.33729993148654	1099.736	25.6200932959714	1087.875	22.56163934578035	1087.853	22.56060890662593
1552056752.9320078	normal	1	nan	nan	20.0	41.0	1146.017	37.553864061078	1154.314	39.69043319861339	1161.256	41.518244076491555	9999999000.0	9999	1136.832	35.193945715600876	1102.861	26.421057604547514	1094.533	24.276987761731107	1099.395	25.52933288858685	1087.922	22.572201365411274	1087.958	22.58276341838973
1552056768.4919868	normal	1	nan	nan	20.0	40.5	1143.903	37.09742587489245	1152.834	39.41364248678565	1159.804	41.14027082689654	9999999000.0	9999	1134.547	34.59718197278062	1102.493	26.330275441651793	1094.412	24.246574345169392	1099.201	25.477765573282795	1087.914	22.574777472818823	1087.943	22.576838360173042
1552056783.8966103	normal	1	nan	nan	20.0	40.0	1141.997	36.53912452902159	1150.274	38.66339389966106	1157.489	40.5212024880102	9999999000.0	9999	1132.813	34.14218262591157	1102.124	26.23665891929386	1094.291	24.213326096130913	1098.966	25.41846414423344	1087.937	22.580960138691353	1087.999	22.590749383025468
1552056799.4645717	normal	1	nan	nan	20.0	39.4	1139.712	35.89815060341425	1148.194	38.10534760902419	1155.197	39.95170953650586	9999999000.0	9999	1130.721	33.591613049655734	1101.758	26.140724047123967	1094.137	24.17492349127042	1098.665	25.33931126747939	1088.003	22.59615924086802	1088.167	22.63222518340217
1552056815.0336225	normal	1	nan	nan	20.0	38.9	1138.993	35.78641958667822	1147.271	37.930395025023245	1154.003	39.637869674488684	9999999000.0	9999	1128.695	33.08196488132535	1101.431	26.055622836708608	1094.162	24.17982044319342	1098.458	25.286457784354297	1088.0	22.591779831463555	1088.128	22.627845726781743
1552056830.5945683	normal	1	nan	nan	20.0	38.4	1136.891	35.24540478596782	1144.325	37.12588674492963	1151.533	38.996040195746446	9999999000.0	9999	1126.696	32.571877824565036	1101.114	25.976970614773563	1094.059	24.155078022692578	1098.27	25.241339618521124	1088.023	22.598477754050236	1088.128	22.624496734410968
1552056846.170959	normal	1	nan	nan	20.0	37.9	1134.007	34.4361154437247	1142.987	36.769367221632365	1150.246	38.645532898756755	9999999000.0	9999	1124.416	31.98074989501174	1100.826	25.89393650721786	1093.856	24.10353190135129	1098.096	25.193643933973817	1088.044	22.605175690047872	1088.192	22.644333122721036
1552056861.7319942	normal	1	nan	nan	20.0	37.3	1132.928	34.259287318112456	1140.808	36.22043281272181	1148.104	38.11285317699094	9999999000.0	9999	1122.517	31.507251379802256	1100.506	25.816319533146725	1093.803	24.091934133558425	1097.87	25.134347545425953	1088.072	22.609555116989668	1088.225	22.65206161754122
1552056877.307443	normal	1	nan	nan	20.0	36.9	1131.141	33.741782869609324	1139.256	35.80969657286414	1146.152	37.60561837085743	9999999000.0	9999	1120.62	30.998179826591695	1100.239	25.747987144416584	1093.72	24.068738718653094	1097.686	25.089489237313046	1088.097	22.620374902249296	1088.283	22.669321987108106
1552056892.8695083	normal	1	nan	nan	20.0	36.3	1129.282	33.1731892811722	1137.455	35.359445054973094	1144.482	37.15383038121081	9999999000.0	9999	1119.087	30.599964899267434	1099.979	25.678366902224298	1093.775	24.083944583591347	1097.472	25.032772697973087	1088.131	22.62217820319529	1088.287	22.667518660748556
1552056908.4638119	normal	1	nan	nan	20.0	35.8	1127.083	32.690994516729916	1135.587	34.868918590184876	1142.506	36.66433318789859	9999999000.0	9999	1117.288	30.13363350513646	1099.715	25.61467854344255	1093.568	24.025956486576888	1097.267	24.97889287691578	1088.14	22.63016426192553	1088.223	22.65154638399781
1552056924.0146484	normal	1	nan	nan	20.0	35.3	1125.373	32.219462025271696	1133.865	34.393458677769104	1140.962	36.23698747586286	9999999000.0	9999	1115.209	29.6208991060862	1099.463	25.549702197336046	1093.417	23.988071472984302	1097.137	24.94537955070109	1088.139	22.628360956674896	1088.172	22.637119876998895
1552056939.4103186	normal	1	nan	nan	20.0	34.8	1123.771	31.76711185700333	1131.672	33.85525474136375	1139.186	35.79262676709459	9999999000.0	9999	1113.357	29.139475504412985	1099.234	25.488078972694893	1093.313	23.962041882481117	1096.977	24.91083539686133	1088.15	22.637377492649648	1088.24	22.65206161754122
1552056954.9798543	normal	1	nan	nan	20.0	34.3	1120.52	30.9266422557057	1129.919	33.41043609052895	1137.558	35.38297765971038	9999999000.0	9999	1111.282	28.594376120951893	1099.02	25.42800386832687	1093.194	23.932919907525047	1096.805	24.86211327921228	1088.204	22.650258300486257	1088.404	22.695856758796708
1552056970.374533	normal	1	nan	nan	20.0	33.8	1119.793	30.83832000584698	1127.917	32.87575008063959	1135.55	34.84978512520502	9999999000.0	9999	1109.58	28.159547664632555	1098.782	25.37489115606013	1093.174	23.925188452353723	1096.638	24.818031975115446	1088.243	22.653864935568436	1088.427	22.704358235023847
1552056985.7673304	normal	1	nan	nan	20.0	33.4	1117.671	30.29965653755289	1126.573	32.553274300125395	1133.117	34.2342115743204	9999999000.0	9999	1107.923	27.72916195579637	1098.563	25.31610719636319	1093.065	23.90070562890969	1096.514	24.78297357513702	1088.218	22.646651669292623	1088.334	22.67627768360262
1552057001.337038	normal	1	nan	nan	20.0	32.9	1115.361	29.688536294718233	1124.751	32.03035100957504	1131.868	33.93900411238474	9999999000.0	9999	1105.9	27.21034739425204	1098.362	25.262996262116758	1092.987	23.87622298471706	1096.405	24.759257807156246	1088.234	22.654380169469277	1088.306	22.665715335360346
1552057016.7300732	normal	1	nan	nan	20.0	32.4	1114.396	29.366368380922268	1123.128	31.663785187551184	1130.444	33.57300383557731	9999999000.0	9999	1104.072	26.742941512844027	1098.156	25.21375338285634	1092.904	23.856894708022992	1096.244	24.715435635067934	1088.227	22.65206161754122	1088.336	22.681430060701132
1552057032.2941701	normal	1	nan	nan	20.0	31.9	1111.944	28.719803039818544	1121.904	31.336519082256018	1129.342	33.21660573605595	9999999000.0	9999	1102.625	26.353228653280894	1097.964	25.161933125772066	1092.791	23.820815557100104	1096.082	24.675480625855926	1088.282	22.667776278740348	1088.477	22.714405462057584
1552057047.864214	normal	1	nan	nan	20.0	31.5	1109.902	28.242638103543413	1119.831	30.80371484944135	1127.995	32.88841202551521	9999999000.0	9999	1100.665	25.846489372024735	1097.783	25.11552760722816	1092.724	23.81050729976232	1095.938	24.637072712302597	1088.287	22.66854913283487	1088.425	22.699721063494053
1552057063.4308534	normal	1	nan	nan	20.0	31.0	1107.955	27.746448562088062	1118.207	30.34613413818488	1125.112	32.17063315431005	9999999000.0	9999	1098.687	25.351171188257467	1097.601	25.066802506099975	1092.756	23.82004243669735	1095.769	24.597118639609107	1088.344	22.678596252314946	1088.596	22.749699806478475
1552057078.8283653	normal	1	nan	nan	20.0	30.5	1107.767	27.743610456408987	1115.157	29.534676585485613	1122.458	31.46127419802633	9999999000.0	9999	1097.076	24.93455224019408	1097.415	25.024523099688395	1092.733	23.808961063902643	1095.688	24.574693014474178	1088.348	22.679884346738618	1088.551	22.735015252978428
1552057094.225552	normal	1	nan	nan	20.0	30.1	1105.989	27.277419828551956	1112.547	28.92860027399911	1120.073	30.853556718351683	9999999000.0	9999	1095.519	24.527006840356535	1097.265	24.986626769140912	1092.891	23.85354448475664	1095.602	24.556649517250207	1088.44	22.707449686281507	1088.842	22.806892892474934
1552057115.995246	normal	0	nan	nan	20.0	29.4	1103.321	26.618362571975922	1111.644	28.779163100683945	1119.632	30.781505759018728	9999999000.0	9999	1092.74	23.802003011380748	1097.124	24.94537955070109	1091.527	23.522404361990084	1095.525	24.53087326156856	1088.53	22.73424238352709	1089.039	22.8656327554595
