#time	Mode	Power	Hset	Hac	Tset[C]	Tac[C]	R1[Ohm]	T1[C]	R2[Ohm]	T2[C]	R3[Ohm]	T3[C]	R4[Ohm]	T4[C]	R5[Ohm]	T5[C]	R1[Ohm]	T1[C]	R2[Ohm]	T2[C]	R3[Ohm]	T3[C]	R4[Ohm]	T4[C]	R5[Ohm]	T5[C]
1552055181.727009	normal	1	nan	nan	80.0	80.8	1316.878	82.08277990270108	1316.23	81.8994537930812	1313.322	81.14737302930234	9999999000.0	9999	1318.972	82.62731089079034	1083.374	21.40362599020682	1084.219	21.618147595464507	1083.869	21.535736708570766	1088.286	22.63763510832041	1085.43	21.92643381652306
1552055197.2803555	normal	1	nan	nan	80.0	80.8	1317.179	82.17457793521362	1316.676	82.02744004219858	1313.762	81.26510373874862	9999999000.0	9999	1319.299	82.72122275807214	1083.531	21.44122422120654	1084.156	21.610936561834933	1083.999	21.563550155995017	1086.171	22.106988894483948	1085.61	21.95270513370224
1552055212.6805675	normal	1	nan	nan	80.0	80.8	1317.122	82.15385758375896	1316.329	81.93774423843752	1313.614	81.2320652966082	9999999000.0	9999	1319.005	82.64882119319009	1083.649	21.476505137215554	1084.258	21.630251865420632	1084.097	21.588273414450214	1085.383	21.91716163617957	1085.534	21.955023201004224
1552055228.0732083	normal	1	nan	nan	80.0	80.7	1316.825	82.07071520911404	1315.551	81.73869124457588	1312.933	81.06110977453363	9999999000.0	9999	1318.528	82.51687606815585	1083.754	21.49736483187735	1084.293	21.636947863355545	1084.196	21.614799613632385	1084.111	21.588788484277302	1085.406	21.925146012160894
1552055243.4686089	normal	1	nan	nan	80.0	80.7	1316.838	82.07858348251602	1315.89	81.80871246448123	1313.289	81.14291560200263	9999999000.0	9999	1318.895	82.61340796539344	1083.871	21.536251770311083	1084.196	21.616087298556067	1084.194	21.611194098482883	1083.644	21.47444492751447	1085.315	21.90402609134526
1552055258.8616233	normal	1	nan	nan	80.0	80.7	1316.581	81.99990159636445	1314.565	81.4594079640392	1312.347	80.89802859135489	9999999000.0	9999	1318.188	82.42349464926201	1083.993	21.557884434992047	1084.059	21.577199432348607	1084.196	21.614799613632385	1083.094	21.325598132800224	1085.273	21.89320862255454
1552055274.4316397	normal	1	nan	nan	80.0	80.8	1316.043	81.84542830717419	1313.535	81.19404527817323	1311.442	80.66417066193662	9999999000.0	9999	1317.294	82.1903149983109	1084.066	21.581062445198768	1084.04	21.573336423958153	1084.235	21.623040805706296	1083.032	21.314782533758716	1085.242	21.883678976643296
1552055290.0005085	normal	1	nan	nan	80.0	80.7	1315.367	81.69568269562478	1313.07	81.07605491792447	1311.035	80.56219074318278	9999999000.0	9999	1316.753	82.0413404882247	1084.138	21.595999470178413	1083.92	21.54449276893729	1084.231	21.622010655587474	1082.29	21.124742710789178	1085.199	21.87286157363542
1552055305.3867824	normal	1	nan	nan	80.0	80.6	1314.948	81.57400302084534	1312.4	80.91611919176512	1310.472	80.4001828787741	9999999000.0	9999	1315.928	81.83310222852606	1084.223	21.601407719801955	1083.966	21.5524762557111	1084.274	21.639523250744332	1082.195	21.108520298992516	1085.122	21.84813621236981
1552055320.9528506	normal	1	nan	nan	80.0	80.6	1314.446	81.44603443060669	1311.959	80.79997402589015	1310.18	80.33700721840114	9999999000.0	9999	1315.565	81.74026473874801	1084.241	21.628706637030973	1083.847	21.521830071550085	1084.296	21.639265711916778	1081.636	20.955827482592213	1084.944	21.80023134484918
1552055336.354796	normal	1	nan	nan	80.0	80.5	1314.008	81.32829723975283	1311.607	80.70795221470507	1309.754	80.2140671934194	9999999000.0	9999	1314.961	81.58265681441253	1084.3	21.64029586734796	1083.883	21.530071034660068	1084.339	21.65446053668893	1081.749	20.984666064387056	1084.723	21.75000923629159
1552055351.925174	normal	1	nan	nan	80.0	80.4	1314.064	81.35294565668119	1311.789	80.74177189718148	1309.952	80.27016292451162	9999999000.0	9999	1314.965	81.58763931195517	1084.326	21.65214267760257	1083.917	21.542947580149303	1084.34	21.65188513780322	1081.8	20.99599557522197	1084.695	21.738677172439566
1552055367.6705356	normal	1	nan	nan	80.0	80.4	1313.654	81.23363854822674	1312.511	80.93499644617486	1310.477	80.4022800169505	9999999000.0	9999	1315.118	81.62487716437818	1084.373	21.659611340406627	1083.737	21.491184168051404	1084.259	21.62844909903515	1081.898	21.02766691124407	1084.726	21.745115840374638
1552055383.2340145	normal	1	nan	nan	80.0	80.2	1313.253	81.13164095993534	1312.062	80.82147237010076	1310.24	80.34382279138754	9999999000.0	9999	1314.506	81.46203023187809	1084.404	21.667852642846356	1083.814	21.51255901231025	1084.352	21.65162759802388	1082.183	21.096160418974705	1084.755	21.757735665467408
1552055398.9820187	normal	1	nan	nan	80.0	80.2	1312.924	81.0503598011328	1311.466	80.65342198663939	1309.774	80.21223230249416	9999999000.0	9999	1314.231	81.38860752328355	1084.443	21.681502344661567	1084.002	21.565610420555913	1084.434	21.675578882318405	1082.022	21.05341618580769	1084.814	21.77653671765529
1552055414.5522647	normal	1	nan	nan	80.0	80.1	1312.988	81.0702866089141	1310.98	80.53859686815895	1309.375	80.12153754162318	9999999000.0	9999	1313.907	81.30260015084514	1084.496	21.688713530362747	1084.073	21.580547376560844	1084.501	21.689743701017505	1081.803	20.997798000936655	1084.858	21.782717908572977
1552055430.119908	normal	1	nan	nan	80.0	80.1	1313.387	81.15183046264656	1311.409	80.65132468824004	1309.788	80.23503744815662	9999999000.0	9999	1314.456	81.4559990189764	1084.525	21.700302968512915	1084.089	21.58492546250818	1084.538	21.704166123482537	1082.105	21.074273243429616	1084.814	21.767522501368603
1552055445.6885552	normal	1	nan	nan	80.0	80.1	1313.777	81.27506777854887	1311.809	80.75881295429645	1310.093	80.30135675919064	9999999000.0	9999	1314.623	81.49113754540622	1084.596	21.71704333892785	1084.292	21.6428712573138	1084.643	21.7312083331567	1081.583	20.942180740323693	1084.672	21.74151018480461
1552055461.2580557	normal	1	nan	nan	80.0	80.1	1313.363	81.15707450961509	1311.489	80.6691517672848	1309.901	80.26151258580194	9999999000.0	9999	1314.345	81.41850085666647	1084.632	21.726830055810296	1084.346	21.658581179028715	1084.648	21.73635925501594	1082.261	21.11676024436383	1084.684	21.73661680131727
1552055476.8269947	normal	1	nan	nan	80.0	80.1	1313.222	81.13452516701545	1311.236	80.61331138668083	1309.851	80.24473623621134	9999999000.0	9999	1314.2	81.37838091902222	1084.695	21.738677172439566	1084.203	21.6168599097482	1084.659	21.72940551237889	1082.001	21.046463862151995	1084.776	21.760826242133135
